1712
202
1489
651
759
351
1472
214
641
1035
1785
1595
1558
373
794
158
1090
949
1407
708
1999
1283
1707
269
417
1992
1116
1105
1146
1638
956
399
1817
896
992
275
1772
181
1861
99
152
1142
419
1738
888
853
935
1559
72
1378
890
1098
30
1567
1213
2050
1241
97
3
207
1115
973
1457
570
2032
165
71
579
387
2011
1837
1671
536
394
1366
1435
1326
1598
1184
991
195
2024
176
804
2075
1158
551
1037
880
999
1425
383
1178
981
790
545
1493
1162
635
1392
1406
683
734
963
1221
1014
1189
1415
1652
223
79
1302
1253
1062
132
657
1972
1825
1539
189
1573
577
370
911
2062
546
2063
1623
966
1702
526
1603
1850
1706
1380
1172
1446
1510
1104
760
818
1885
915
1227
29
366
1430
2029
386
26
1360
1670
690
855
1218
729
1101
791
1155
414
262
1332
901
602
1866
1532
959
910
1703
697
1813
1092
832
529
1112
1372
89
561
217
1403
428
1624
183
520
1951
922
1996
1342
400
1183
518
808
1274
695
1990
1131
1349
334
199
749
857
146
711
952
184
1947
863
1687
365
995
1487
821
1924
465
1656
970
1807
1341
1983
588
1597
1627
1537
1374
1693
726
312
133
1256
303
1574
623
304
1385
441
707
1801
1766
1235
850
897
758
1229
59
170
112
298
293
1294
978
1192
1607
1461
634
1474
957
73
1695
680
1506
1680
2027
1078
1698
1106
1197
628
851
507
1640
220
299
1944
1781
1247
290
559
1928
1696
1965
664
682
7
692
904
843
451
1967
825
1429
1237
446
780
710
705
1723
2078
799
1051
1130
1453
353
1295
633
1255
822
126
1081
1387
558
1240
307
732
1742
1452
740
1268
1424
1601
215
1074
1979
266
1055
1713
107
1831
242
39
1108
2033
1000
1045
1610
532
1412
1822
1173
1549
2044
1096
1596
929
1701
1592
1902
706
379
1715
101
2082
1260
767
1250
1577
1352
497
1852
1400
1143
245
918
489
1818
1263
993
1497
1735
583
2031
1708
1498
954
1333
1575
66
1028
1121
555
1083
1345
1217
802
52
1220
1804
1394
44
1779
998
599
681
19
422
436
424
643
1356
1810
1343
1953
360
874
346
139
430
375
450
893
803
1327
2017
547
1591
828
784
1851
236
1736
104
877
1927
1359
1834
2009
598
908
1351
2056
1618
203
810
1151
889
997
1246
550
548
1390
816
243
1995
788
1842
511
1651
168
845
80
14
1699
1840
1908
699
499
1562
1219
833
1894
1751
1281
1711
1694
1224
344
292
1743
1208
1336
224
27
2001
108
350
1789
1980
1893
673
454
2070
1547
289
1550
1469
525
160
1925
1799
1528
324
1150
765
1613
1265
1663
124
83
455
552
844
1869
2025
1363
1277
1719
317
1883
1936
1448
1534
1373
1942
919
12
1500
835
1058
1824
159
829
2008
1063
371
341
61
1331
1569
1423
272
1490
1606
1114
1593
486
90
91
1200
500
528
114
554
1118
1594
1416
53
1668
564
1029
753
2
198
493
696
1816
1642
1388
280
37
193
1036
1309
148
1515
1109
517
775
1686
1420
1286
1145
1993
834
615
230
1194
1102
229
1910
369
9
235
725
1431
1202
98
1787
1589
2000
1798
944
1156
1765
616
1019
1433
1324
603
750
227
1876
1093
534
1391
1276
916
1068
51
578
1985
928
1786
1421
357
1563
43
1760
1771
947
645
1845
1554
1890
1952
772
923
2002
462
267
694
1021
1755
85
1761
940
566
1646
2065
1100
592
1776
1641
1088
1858
1041
1531
1443
1239
1737
1879
1848
1932
1427
167
859
1669
1339
984
666
380
629
263
689
733
6
1266
1969
2040
1140
1939
331
1511
1201
1139
2061
650
1182
200
1909
1590
1419
109
1795
1369
315
2006
476
222
1782
1413
36
2048
625
541
1193
1267
1602
391
1527
539
402
1568
610
659
1167
285
617
1745
1884
408
1553
398
879
2058
654
1615
472
1800
2059
429
1533
2036
1769
757
898
1215
1682
364
1334
45
385
1919
251
914
771
1449
432
393
613
318
1206
549
1626
739
709
1257
1691
255
668
77
1666
862
1729
1790
1978
1411
234
201
1322
496
1340
487
1016
1514
925
15
1163
1557
2064
186
1031
604
793
40
663
17
1232
1684
982
288
600
261
836
70
1223
396
1134
211
1587
1039
1548
1293
2083
1191
1629
1517
1700
630
274
677
1138
296
1783
950
747
316
1479
284
1940
1491
249
320
1903
1827
440
846
343
1974
1242
1535
1508
924
1211
403
921
620
658
875
524
986
415
100
1565
1408
595
1214
1860
700
704
406
1434
185
1059
1044
894
556
2038
756
841
1288
177
812
1829
1249
1644
1841
1066
721
1009
2037
568
777
942
1875
565
1655
693
1581
1458
1955
1085
2013
413
955
876
141
1042
254
1282
409
2019
1311
580
488
1645
1520
1330
265
674
178
1212
1133
1667
1361
76
1464
338
983
134
1338
55
766
1064
1870
751
1148
1117
2077
1091
587
951
1354
1657
1543
1862
22
204
624
2004
484
1087
743
319
161
1204
1877
972
135
510
1230
1261
405
349
768
774
728
1473
10
57
1658
989
702
1308
1552
404
1726
1725
374
649
854
881
636
1264
50
792
2079
712
962
1233
824
1583
1061
1441
264
871
1970
718
1749
1154
852
1803
271
1542
1089
434
1727
1071
1222
1455
74
980
795
67
75
1072
1043
899
1209
2057
1900
905
1523
948
1480
1503
102
665
1007
221
1113
1440
1243
1808
1586
996
590
483
1262
270
1442
553
606
652
2020
764
762
1560
1599
1346
1762
776
54
701
33
885
1075
1512
81
1730
1616
509
964
1746
813
1486
481
291
1892
1169
1188
1287
544
1797
1811
